60751.245450461036
55251.459095944156
51626.34967340484
48452.00258857909
46165.21632359617
43910.81586187684
41697.00011980665
39912.76226884628
38089.81807219169
36029.35517947485
33732.1285409032
31070.860292779198
29542.256259647125
28148.978097150124
26835.945903206826
25472.93393832584
24888.30450498193
24269.50150998804
23296.300496294745
22542.25970462749
22000.26815906388
21346.805522052746
20848.95404408834
20319.135959638355
19893.890524787435
19581.188741646103
19336.369555006066
18912.093452872676
18822.371923115712
18596.49427139739
18259.49074542994
18119.937164580937
17726.08863843006
17594.36824270425
17293.92826668904
17063.45346292114
16960.65721766496
16728.522350761858
16566.248545797716
16339.504849279458
16192.66289791762
16045.682870404913
16027.654823485631
15900.873391647508
16024.45902877503
16322.608649026197
16213.349508487121
15571.319686537878
15542.067078435297
15687.899826025412
15325.014223608694
15046.125844271262
15180.531487486807
15050.256437871169
14781.618687869963
14646.719537086394
14651.363726624095
14458.354927620061
14389.979351536702
14368.074531928438
14224.573762840071
14133.214629758131
14116.353116498554
14029.504179505104
13987.319650512321
13937.19258888785
13944.818789970397
13841.522174972695
13699.237457081676
13779.391367294354
13649.783944747622
13541.897261289749
13477.553944919175
13507.652429654692
13387.032639131157
13325.60650852143
13325.309300669254
13253.602075239232
13123.224218851232
13087.565093587978
13036.97444809084
12915.58440081489
12893.96161609388
12707.09793358226
12587.100723889349
12422.606127236219
12316.24700958804
12215.628439978409
12172.926185969325
12117.039225593198
11975.89691516822
11923.870525779572
11941.009535565943
11863.67449224803
11806.202859740526
11629.58609064273
11459.213785915068
11361.924400970383
11265.238067069151
11172.660724502324
11042.99753001406
10921.478546265631
10592.879270553609
10500.212851411878
10402.507415540205
10317.942932850583
10279.764951464114
10321.758085553449
10285.464646074282
10199.44861530876
10172.492206924584
9991.58826868358
9906.998660796597
9861.230638589572
9786.989069462368
9864.259971806985
9828.494223162408
9756.590728265608
9758.589685979783
9711.83135626117
9715.309477806033
9659.782071975744
9647.12426270456
9654.921046345498
9601.466146382103
9550.970540676371
9498.484890496504
9499.473490891567
9504.4166669279
9449.959427853322
9341.383901038122
9272.634643292651
9216.794972511436
9198.335699934516
9093.056378027664
9107.494046402484
9056.603534797405
9076.063926780847
9028.622211194615
9028.946657363857
9098.008769319833
8882.056347247122
8924.166208212238
8889.15827260317
8880.805259223765
8869.501119171457
8846.91327778461
8945.988118367457
8921.18507935927
8919.11094190571
8878.348560536793
8923.39649018903
8823.154788791424
8781.803263596108
8808.98420688256
8691.69675614031
8704.675652578175
8782.877869325544
8710.33015321217
8790.820856385382
8829.806956268632
8768.028924971488
8680.641515956708
8620.756711708314
8650.571474951157
8583.949348780154
8623.236820584101
8649.546938325271
8614.309772455888
8537.867196816815
8542.14360989197
8524.256656469766
8497.486372992136
8475.004488333569
8564.636950129749
8580.27189471469
8582.359093622465
8614.44837917379
8469.198582949226
8581.195213522547
8529.05602203085
8609.261942740763
8584.907818917764
8609.078740248893
8673.027609998855
8631.482357008248
8819.268879265233
8713.98535669565
8566.58013136988
8586.17899623061
8637.649920166616
8615.910341232615
8566.989811409832
8592.769189909159
8513.293951762487
8522.252740894484
8505.363674333497
8519.512678375086
8514.803219979116
8517.84818480868
8453.606018344908
8294.097303400657
8290.830843224967
8195.740561221133
8128.137432443197
8097.317112235026
8085.211506474874
8056.7337611738885
7957.380213551531
7802.433269053716
7685.695115436702
7673.725936533757
7506.745046358067
7471.208552800818
7432.484007058046
7422.993730790627
7254.337205149155
7250.936577892351
7178.095632966663
7189.717045462681
7064.489251714976
7034.397454101983
6994.919160493078
7002.335105718909
6976.636317682775
6923.344119304235
6880.361881620845
6780.801821052045
6671.888106801546
6641.0239490068325
6508.213427640328
6409.377685030049
6472.930336635294
6370.6608109083845
6335.910136657677
6333.473874242124
6394.873465672887
6428.899052000182
6501.961488220401
6340.42409718066
6199.905467160548
6025.33176463781
5960.089752955999
5933.968099102905
5983.485756810843
5985.770672553206
5919.765253197926
5836.223145699197
5729.230134993862
5787.135646114488
5683.682558156193
5752.112994451268
5667.936906800704
5677.211702120053
5613.803837573193
5609.611635167856
5474.50130563124
5500.769896003068
5436.0529918512875
5354.604345168976
5330.452559712761
5348.2838917914805
5335.2441608145145
5233.423163896483
5269.2313305095195
5217.052701810616
5149.038748842686
5126.711750813465
5095.424730197256
5044.7407739217415
5067.682964147499
5040.519382186618
5000.861482776419
4967.705103155941
4940.246682248918
4916.664978230905
4934.7299060753585
4889.8343477822855
4926.860165759342
4963.590037212258
4933.7760845537005
4887.488756427906
4810.385327325516
4780.050289896534
4649.990319104354
4679.170766815852
4694.691305280212
4681.11539619824
4628.04346010389
4651.982600039884
4650.964943811647
4585.131411110977
4606.439502779903
4539.871099301873
4509.674378827906
4498.88131824538
4477.65897050764
4458.519339808774
4399.9276887763945
4431.204099352808
4441.830695687321
4395.339099168979
4471.60802176359
4489.0174981951695
4403.0845698595
4553.981374215762
4454.427161257632
4663.160096519421
4682.591840027042
4637.339373491361
4675.7215404629915
4694.548478002989
4631.621353710198
4837.665510768384
4957.027548436716
5007.141017024141
5015.291596803864
4986.68519348659
5147.31346930243
5056.613269135791
5220.383885085392
5242.372935516818
5367.63529701699
5350.566126535217
5504.378782834727
5605.187006727655
5566.09319064034
5753.215928764095
5928.802336741663
5606.173996361021
5740.91834860483
5759.02274886779
5796.7638177409935
5836.563311811605
5767.977989646858
5804.47526679556
5811.659032783686
5846.288519660622
5824.055005034928
5809.1956404214525
5675.849891200957
5760.397311642975
5658.9081587991805
5709.584941334787
5662.3402489238415
5632.1674625736105
5632.864768623974
5652.129577652739
5550.722423303413
5787.272166605857
5595.62914023546
5636.9977113673085
5774.838971602608
5717.454403827986
5720.822742281542
5752.906514115675
5709.117873835819
5928.8867955135
5909.57510535087
5813.030583726482
6135.119563576386
5952.63980750645
5916.782252269098
5859.051828374193
6087.4182371928255
5831.60957075819
6232.13472998214
6116.6456014174455
6089.6228591699055
6230.089965578811
5940.615250785088
5974.517371989365
5945.496682347022
6143.595118888617
6055.170397854392
6104.590210647951
6309.853413797285
6379.1286463408105
6342.6317480171
6210.242724558388
6714.851790600551
6583.193716670376
6659.740606668351
6440.998475991025
6729.288431801066
6390.05030128605
6600.539099702846
6565.609832770744
6407.422726781702
6512.556537440174
6468.540765840257
6239.728980533138
6546.5293443388455
6450.075221115902
6753.21212566296
6451.454434065425
6733.984795914494
6609.921098332536
6612.134264693632
6576.022896529701
6475.872653763216
6577.183990529311
6624.9154815302
6647.126128975404
6530.57270353052
6500.929390224186
6580.3920699165865
6660.956930834816
6403.799606060884
6491.591710946283
6448.137260284704
6386.0111314092355
6469.350104628116
6183.819547251844
6450.155775968891
6522.771851230764
6449.455609168808
6925.321907757328
7579.137966626347
10457.179571604636
10468.669938679623
7674.095993661461
9978.260106290558
11012.705001946717
9635.141815426208
11052.93203773644
9393.808517424142
10367.354922358329
9874.361845745787
9018.432520260418
8708.12842824043
8415.608952111816
8398.344601582192
8493.18697253523
8101.319800531552
7890.048175587871
7725.295083837405
7590.819816712645
7380.11727598386
7068.770927601647
6975.955491033493
7265.4168978121825
7061.018992584072
6702.1165327109275
6865.714758426859
6948.4696271425255
6817.706596899892
6952.397612563489
6693.16550864375
6672.128724162288
6633.2129600702065
6964.059469201211
